0  0.000000   0.000000 
1  -0.090909   -7.833333 
2  1.980519   -15.833334 
3  -2.852814   -21.783333 
4  -3.602814   -21.533333 
5  -5.602814   -29.533333 
6  -6.602814   -33.783333 
7  -14.802814   -41.595833 
8  -19.030087   -49.595833 
9  -24.085642   -50.595833 
10  -24.377308   -57.810120 
11  -18.321753   -57.685120 
12  -26.421753   -61.785118 
13  -26.755085   -53.785118 
14  -27.021751   -61.451786 
15  -27.021751   -65.451782 
16  -27.077307   -62.285114 
17  -26.384998   -58.597614 
18  -26.584999   -60.347614 
19  -26.584999   -67.847610 
20  -31.418331   -75.847610 
21  -31.372875   -76.930946 
22  -32.222874   -79.580948 
23  -29.008587   -83.980949 
24  -29.708588   -91.730949 
25  -29.608587   -88.418449 
26  -29.408588   -96.418449 
27  -29.226770   -98.474007 
28  -37.026772   -90.807343 
29  -41.693439   -90.494843 
30  -45.764870   -98.411507 
31  -47.564869   -96.729691 
32  -47.398201   -104.479691 
33  -46.541058   -101.146355 
34  -42.763279   -108.828171 
35  -38.563278   -109.042458 
36  -37.608734   -116.917458 
37  -41.251591   -124.917458 
38  -43.551590   -132.584122 
39  -48.201591   -136.646622 
40  -48.423813   -133.396622 
41  -49.534924   -140.578445 
42  -49.171288   -148.292725 
43  -48.837955   -152.417725 
44  -53.921288   -152.567719 
45  -52.771286   -156.567719 
46  -52.421288   -158.639145 
47  -52.521286   -158.639145 
48  -59.612194   -158.639145 
49  -59.445526   -162.353424 
50  -63.508026   -162.210571 
51  -55.722313   -165.585571 
52  -55.914619   -169.418900 
53  -59.664619   -175.457367 
54  -64.521759   -180.207367 
55  -72.355095   -181.107361 
56  -75.605095   -188.207367 
57  -75.605095   -186.278793 
58  -79.468735   -190.240326 
59  -80.433022   -184.406998 
60  -76.433022   -188.365326 
61  -77.361595   -194.254211 
62  -81.461594   -198.504211 
63  -85.211594   -203.504211 
64  -85.911591   -207.379211 
65  -85.947304   -207.504211 
66  -88.002861   -209.354218 
67  -88.184677   -209.541718 
68  -89.309677   -215.875046 
69  -89.523964   -220.125046 
70  -92.573967   -219.902817 
71  -91.657303   -227.902817 
72  -94.514442   -233.819489 
73  -93.657303   -233.669495 
74  -93.507301   -229.769501 
75  -93.461845   -231.951324 
76  -89.545181   -234.701324 
77  -85.499725   -237.923553 
78  -82.687225   -245.645782 
79  -86.637222   -249.788635 
80  -86.607811   -254.246964 
81  -86.357811   -261.871948 
82  -85.135590   -268.871948 
83  -84.913368   -269.644684 
84  -86.699081   -277.457184 
85  -86.663368   -285.457184 
86  -84.563370   -277.814331 
87  -88.447983   -285.814331 
88  -88.364647   -288.036560 
89  -88.239647   -288.186554 
90  -96.039650   -288.297668 
91  -96.825363   -296.154816 
92  -92.525360   -304.154816 
93  -98.525360   -312.154816 
94  -100.525360   -315.238159 
95  -100.453934   -315.538147 
96  -99.620598   -315.788147 
97  -99.484238   -316.121490 
98  -97.484238   -313.788147 
99  -105.400902   -317.988159 
100  -111.329475   -324.154816 
101  -111.291016   -331.765930 
102  -111.141014   -334.815918 
103  -111.516014   -342.744476 
104  -113.582680   -342.577820 
105  -113.736526   -345.677826 
106  -117.593666   -350.511169 
107  -118.204781   -356.361176 
108  -124.892281   -364.173676 
109  -124.892281   -367.273682 
110  -124.035141   -375.273682 
111  -124.257362   -374.416534 
112  -120.090698   -374.638763 
113  -124.233559   -378.749878 
114  -124.150223   -383.360992 
115  -132.050217   -384.260986 
116  -134.081467   -387.354736 
117  -137.381470   -395.354736 
118  -137.548141   -395.283295 
119  -138.492584   -398.283295 
120  -142.292587   -402.338837 
121  -145.292587   -403.247925 
122  -145.561813   -399.533630 
123  -143.152725   -407.390778 
124  -143.263840   -403.578278 
125  -141.163834   -409.878265 
126  -149.020981   -415.842560 
127  -149.070984   -420.509216 
128  -156.970978   -423.909210 
129  -163.970978   -431.863770 
130  -164.935257   -429.752655 
131  -171.006683   -433.895508 
132  -174.728912   -429.978851 
133  -174.701141   -433.797028 
134  -180.867813   -433.047028 
135  -185.439240   -441.047028 
136  -179.039246   -445.092468 
137  -175.231552   -447.521027 
138  -171.231552   -454.187683 
139  -171.273224   -462.087677 
140  -167.162109   -467.873383 
141  -166.298477   -472.055206 
142  -166.326248   -479.769501 
143  -168.469101   -487.269501 
144  -168.540527   -483.352844 
145  -172.540527   -483.398285 
146  -172.790527   -483.453827 
147  -168.665527   -479.898285 
148  -173.951248   -478.148285 
149  -178.117920   -482.835785 
150  -178.180420   -488.692932 
151  -178.271332   -488.826263 
152  -178.104660   -492.048492 
153  -180.104660   -492.898499 
154  -185.937988   -496.898499 
155  -185.737991   -500.815155 
156  -185.682434   -502.898499 
157  -185.632431   -504.948486 
158  -193.465759   -506.948486 
159  -193.528259   -507.098480 
160  -199.778259   -514.848511 
161  -200.585953   -520.748535 
162  -200.585953   -521.123535 
163  -201.585953   -521.234619 
164  -202.585953   -519.306030 
165  -202.335953   -519.472717 
166  -203.085953   -521.514404 
167  -198.943100   -525.236633 
168  -202.800247   -526.069946 
169  -203.400253   -526.292175 
170  -201.543106   -530.458862 
171  -202.350800   -534.673157 
172  -203.100800   -536.816040 
173  -203.146255   -540.774353 
174  -204.046249   -542.774353 
175  -204.004578   -544.456177 
176  -208.171249   -548.539490 
177  -214.004578   -550.789490 
178  -216.192078   -556.503784 
179  -220.292084   -564.303772 
180  -220.506363   -567.576477 
181  -222.188187   -572.461121 
182  -218.410416   -575.072205 
183  -214.452087   -579.122192 
184  -216.352081   -584.011108 
185  -217.414581   -585.927795 
186  -212.986008   -587.966248 
187  -216.194336   -590.232910 
188  -214.285248   -594.661499 
189  -221.868576   -600.611511 
190  -221.868576   -600.803833 
191  -224.823120   -601.887146 
192  -226.037399   -605.998230 
193  -227.608826   -605.648254 
194  -233.275497   -609.557373 
195  -236.497726   -615.432373 
196  -234.935226   -621.670471 
197  -230.844315   -625.785828 
198  -228.756073   -631.785828 
199  -232.700516   -637.876709 
200  -240.658844   -644.043396 
201  -248.840668   -652.376709 
202  -240.965668   -659.032959 
203  -241.920212   -666.511230 
204  -237.895218   -672.397583 
205  -242.867447   -672.221130 
206  -246.814819   -676.158630 
207  -253.923508   -680.015747 
208  -245.894104   -687.932434 
209  -249.547943   -692.240112 
210  -252.468994   -700.073425 
211  -259.518982   -704.101196 
212  -266.724854   -708.074890 
213  -273.649841   -715.101196 
214  -277.566498   -723.017883 
215  -285.288727   -730.086060 
216  -289.388733   -736.026062 
217  -293.482483   -737.776062 
218  -285.159912   -729.526062 
219  -291.640686   -721.588562 
220  -296.097198   -729.671875 
221  -304.172211   -733.671875 
222  -312.272217   -736.729553 
223  -320.522217   -741.099121 
224  -328.761353   -737.258240 
225  -326.808960   -745.476990 
226  -335.127136   -753.776978 
227  -334.968048   -754.116272 
228  -342.896606   -755.916260 
229  -340.917450   -755.718567 
230  -339.817444   -755.680115 
231  -338.738495   -754.865845 
232  -333.824707   -754.032532 
233  -325.593933   -753.186401 
234  -317.625183   -753.769714 
235  -315.077576   -753.526123 
236  -313.788116   -752.618713 
237  -321.938110   -753.566101 
238  -325.747620   -753.444885 
239  -329.527618   -753.390808 
240  -325.646667   -750.359558 
241  -329.609619   -750.393677 
242  -331.434631   -750.284973 
243  -331.569244   -750.284973 
244  -331.665405   -751.118286 
245  -331.756317   -751.097900 
246  -335.561859   -751.969971 
247  -335.781860   -752.749390 
248  -335.841858   -752.679626 
249  -335.027039   -752.417114 
250  -338.979431   -752.279602 
251  -342.979431   -751.394958 
252  -345.111023   -752.252075 
253  -344.763184   -752.349915 
254  -345.035919   -752.521362 
255  -345.766693   -752.321350 
256  -347.073151   -752.010559 
257  -348.614807   -752.172729 
258  -352.364807   -751.187866 
259  -355.198151   -751.176208 
260  -357.158691   -752.142883 
261  -360.452820   -750.080383 
262  -362.466339   -749.235168 
263  -365.002930   -749.350525 
264  -372.957489   -751.297913 
265  -377.603333   -751.194946 
266  -379.568848   -751.283203 
267  -379.545044   -752.358215 
268  -382.878387   -752.566528 
269  -384.878387   -753.533203 
270  -387.182739   -755.422119 
271  -387.337921   -757.225159 
272  -388.989441   -758.176392 
273  -389.125793   -759.976379 
274  -388.970245   -761.780701 
275  -388.873016   -761.923584 
276  -387.987305   -763.772095 
277  -387.230560   -765.640503 
278  -386.282288   -767.340515 
279  -385.055023   -768.328308 
280  -384.747345   -770.271179 
281  -383.800903   -771.840149 
282  -379.879028   -771.988281 
283  -371.759979   -771.970398 
284  -366.426636   -772.576477 
285  -363.851624   -774.167358 
286  -364.013397   -776.070557 
287  -365.396729   -777.883057 
288  -365.127502   -779.859253 
289  -363.862793   -780.101685 
290  -362.978180   -781.961060 
291  -361.804718   -784.757935 
292  -359.788055   -784.982910 
293  -358.194305   -786.810486 
294  -355.315918   -789.662354 
295  -352.519623   -794.719482 
296  -350.380737   -798.567322 
297  -347.283966   -800.567322 
298  -344.045868   -808.445679 
299  -340.807770   -816.619568 
300  -339.860413   -820.619568 
301  -336.079163   -825.619568 
302  -336.215515   -829.786255 
303  -332.090515   -828.786255 
304  -328.123840   -828.817505 
305  -324.153259   -825.625183 
306  -327.224701   -818.020996 
307  -322.308044   -814.930115 
308  -322.141388   -810.735657 
309  -317.922638   -812.957886 
310  -313.055969   -812.957886 
311  -311.149719   -811.091248 
312  -308.995880   -808.991272 
313  -301.437073   -806.860840 
314  -297.548187   -804.456055 
315  -295.414856   -802.393555 
316  -295.187592   -802.235657 
317  -291.062592   -800.527344 
318  -298.962585   -799.504639 
319  -294.095917   -798.708313 
320  -287.595917   -798.608337 
321  -287.695923   -798.434448 
322  -295.529266   -798.374451 
323  -288.999847   -798.520264 
324  -283.749847   -798.770264 
325  -279.477112   -798.881348 
326  -271.282654   -799.756348 
327  -271.732666   -800.910217 
328  -267.843781   -801.816467 
329  -264.031281   -802.701111 
330  -255.531281   -810.645569 
331  -249.485825   -811.966980 
332  -245.685822   -813.060730 
333  -253.948975   -821.483826 
334  -254.969803   -823.702576 
335  -262.151611   -829.345459 
336  -270.244202   -837.807007 
337  -273.306702   -840.906982 
338  -277.306702   -843.045898 
339  -285.411957   -851.315125 
340  -289.269104   -854.285706 
341  -292.130219   -854.464294 
342  -294.273071   -859.310425 
343  -296.273071   -859.083130 
344  -297.300842   -863.020630 
345  -300.050842   -863.298401 
346  -303.967499   -863.340088 
347  -307.189728   -871.054382 
348  -311.189728   -872.154358 
349  -314.398071   -877.854370 
350  -318.531403   -881.896057 
351  -325.501984   -881.812744 
352  -333.073425   -888.875244 
353  -324.873413   -889.500244 
354  -329.691589   -885.833557 
355  -325.691589   -891.762146 
356  -321.691589   -895.962158 
357  -313.643982   -892.962158 
358  -305.483978   -900.914551 
359  -297.269684   -909.136780 
360  -289.188599   -917.203430 
361  -281.081451   -925.361328 
362  -273.081451   -933.061340 
363  -281.434387   -941.311340 
364  -289.739929   -949.737244 
365  -298.103577   -958.006470 
366  -306.474548   -966.443970 
367  -314.735413   -958.161926 
368  -322.954163   -966.450378 
369  -331.187500   -974.758057 
370  -339.411652   -982.960754 
371  -347.846436   -974.620728 
372  -339.503571   -983.065186 
373  -331.201233   -991.492615 
374  -322.837585   -999.942627 
375  -330.962585   -1006.981079 
376  -323.114746   -998.673401 
377  -330.914734   -990.387695 
378  -338.869293   -982.503052 
379  -346.806793   -974.614136 
380  -354.656799   -966.772034 
381  -362.429535   -974.200623 
382  -354.717987   -966.550598 
383  -358.610840   -970.627502 
384  -354.410828   -977.921631 
385  -358.260834   -982.135925 
386  -354.010834   -985.171631 
387  -353.856995   -989.278748 
388  -358.856995   -990.153748 
389  -358.785553   -993.820435 
390  -358.464111   -989.770447 
391  -362.373199   -989.731995 
392  -366.498199   -995.803406 
393  -363.409973   -999.597534 
394  -367.179199   -999.447510 
395  -364.149780   -1003.661804 
396  -367.349792   -1006.073547 
397  -367.421234   -1005.990234 
398  -372.190460   -1009.775940 
399  -372.190460   -1017.412292 
400  -372.190460   -1017.412292 
401  -372.190460   -1017.412292 
402  -372.190460   -1017.412292 
403  -372.190460   -1017.412292 
404  -372.190460   -1017.412292 
405  -372.190460   -1017.412292 
406  -372.190460   -1017.412292 
407  -372.190460   -1017.412292 
408  -372.190460   -1017.412292 
409  -372.190460   -1017.412292 
410  -372.190460   -1017.412292 
411  -372.190460   -1017.412292 
412  -372.190460   -1017.412292 
413  -372.190460   -1017.412292 
414  -372.190460   -1017.412292 
415  -372.190460   -1017.412292 
416  -372.190460   -1017.412292 
417  -372.190460   -1017.412292 
418  -372.190460   -1017.412292 
419  -372.190460   -1017.412292 
420  -372.190460   -1017.412292 
421  -372.190460   -1017.412292 
422  -372.190460   -1017.412292 
423  -372.190460   -1017.412292 
424  -372.190460   -1017.412292 
425  -372.190460   -1017.412292 
426  -372.190460   -1017.412292 
427  -372.190460   -1017.412292 
428  -372.190460   -1017.412292 
429  -372.190460   -1017.412292 
430  -372.190460   -1017.412292 
431  -372.190460   -1017.412292 
432  -372.190460   -1017.412292 
433  -372.190460   -1017.412292 
434  -372.190460   -1017.412292 
435  -372.190460   -1017.412292 
436  -372.190460   -1017.412292 
437  -372.190460   -1017.412292 
438  -372.190460   -1017.412292 
439  -372.190460   -1017.412292 
440  -372.190460   -1017.412292 
441  -372.190460   -1017.412292 
442  -372.190460   -1017.412292 
443  -372.190460   -1017.412292 
444  -372.190460   -1017.412292 
445  -372.190460   -1017.412292 
446  -372.190460   -1017.412292 
447  -372.190460   -1017.412292 
448  -372.190460   -1017.412292 
449  -372.190460   -1017.412292 
450  -372.190460   -1017.412292 
451  -372.190460   -1017.412292 
452  -372.190460   -1017.412292 
453  -372.190460   -1017.412292 
454  -372.190460   -1017.412292 
455  -372.190460   -1017.412292 
456  -372.190460   -1017.412292 
457  -372.190460   -1017.412292 
458  -372.190460   -1017.412292 
459  -372.190460   -1017.412292 
460  -372.190460   -1017.412292 
461  -373.134918   -1024.412354 
462  -374.481842   -1026.228638 
463  -374.159515   -1019.833313 
464  -375.694519   -1012.870911 
465  -377.960144   -1006.381104 
466  -375.403442   -1004.050476 
467  -379.938538   -1001.976013 
468  -382.147095   -1008.912415 
469  -386.290161   -1015.142090 
470  -392.492859   -1019.904419 
471  -390.358459   -1027.026245 
472  -393.912598   -1029.338501 
473  -387.848022   -1022.457214 
474  -389.034943   -1021.655640 
475  -397.217377   -1029.370850 
476  -392.829712   -1026.033447 
477  -393.256531   -1031.655151 
478  -398.938477   -1021.621460 
479  -398.938477   -1021.621460 
480  -398.938477   -1021.621460 
481  -398.938477   -1021.621460 
482  -398.938477   -1021.621460 
483  -398.938477   -1021.621460 
484  -398.938477   -1021.621460 
485  -398.938477   -1021.621460 
486  -398.938477   -1021.621460 
487  -398.938477   -1021.621460 
488  -398.938477   -1021.621460 
489  -398.938477   -1021.621460 
490  -398.938477   -1021.621460 
491  -398.938477   -1021.621460 
492  -398.938477   -1021.621460 
493  -398.938477   -1021.621460 
494  -398.938477   -1021.621460 
495  -398.938477   -1021.621460 
496  -398.938477   -1021.621460 
497  -398.938477   -1021.621460 
498  -398.938477   -1021.621460 
499  -398.938477   -1021.621460 
500  -398.938477   -1021.621460 
501  -402.802124   -1021.860596 
502  -410.968781   -1020.938721 
503  -419.036957   -1024.869751 
504  -427.240662   -1033.090332 
505  -435.423981   -1036.945557 
506  -442.613647   -1033.122925 
507  -450.888641   -1024.897095 
508  -458.838654   -1023.010742 
509  -463.338654   -1024.760742 
510  -471.171997   -1026.627441 
511  -479.296997   -1027.794067 
512  -487.196991   -1023.835754 
513  -494.946991   -1016.121460 
514  -491.810638   -1018.058960 
515  -487.435638   -1018.328186 
516  -484.162903   -1018.471069 
517  -480.100403   -1016.321045 
518  -481.933746   -1016.205688 
519  -489.862305   -1018.486938 
520  -493.593079   -1026.219116 
521  -491.688324   -1034.299072 
522  -491.347412   -1040.524048 
523  -483.775970   -1048.238281 
524  -483.692627   -1055.912231 
525  -483.914856   -1064.151367 
526  -492.272003   -1072.304199 
527  -483.964325   -1080.575684 
528  -475.726227   -1088.936768 
529  -484.008850   -1097.234009 
530  -476.064392   -1105.557495 
531  -484.291656   -1113.890869 
532  -476.117737   -1122.033691 
533  -468.046295   -1113.833740 
534  -459.858795   -1109.944824 
535  -452.095642   -1101.962646 
536  -444.253540   -1094.062622 
537  -436.389893   -1101.695923 
538  -444.428345   -1109.460571 
539  -452.532501   -1117.484375 
540  -460.449158   -1109.509399 
541  -452.663452   -1101.731567 
542  -460.580109   -1106.731567 
543  -460.898285   -1114.356567 
544  -464.755432   -1118.106567 
545  -464.630432   -1125.963745 
546  -472.773285   -1133.651245 
547  -464.558990   -1141.876221 
548  -472.808990   -1133.463135 
549  -478.670105   -1140.463135 
550  -474.593170   -1144.538086 
551  -474.565399   -1148.538086 
552  -466.873077   -1145.604736 
553  -468.873077   -1144.573486 
554  -467.966827   -1151.535034 
555  -463.889893   -1153.499268 
556  -471.439880   -1157.463501 
557  -467.506561   -1161.463501 
558  -461.548218   -1161.352417 
559  -463.298218   -1160.390869 
560  -465.381561   -1161.496094 
561  -463.189240   -1165.407837 
562  -466.373444   -1167.657837 
563  -462.604218   -1167.569580 
564  -458.572968   -1168.850830 
565  -454.845703   -1173.968506 
566  -454.845703   -1174.018555 
567  -458.820709   -1173.980103 
568  -454.195709   -1174.261353 
569  -454.267151   -1179.050781 
570  -454.293457   -1175.175781 
571  -454.133453   -1176.009155 
572  -454.000122   -1179.259155 
573  -458.058960   -1183.009155 
574  -458.080688   -1181.162964 
575  -450.398865   -1183.045288 
576  -452.532196   -1186.911987 
577  -456.460754   -1186.911987 
578  -456.256195   -1189.911987 
579  -453.478424   -1190.856445 
580  -453.514130   -1190.887695 
581  -455.778839   -1198.459106 
582  -460.602356   -1198.459106 
583  -462.749420   -1202.459106 
584  -466.820862   -1204.484131 
585  -470.954193   -1200.561035 
586  -475.120850   -1202.537231 
587  -479.209076   -1206.421875 
588  -479.261719   -1204.457642 
589  -483.495056   -1208.332642 
590  -483.526306   -1215.932617 
591  -487.552612   -1217.032593 
592  -488.421021   -1218.003174 
593  -484.521027   -1218.169800 
594  -484.396027   -1220.107300 
595  -484.312683   -1221.084595 
596  -488.018555   -1221.060791 
597  -491.839996   -1221.041504 
598  -496.768555   -1224.065308 
599  -496.584351   -1226.888794 
600  -492.727203   -1228.793579 
601  -496.754974   -1228.571411 
602  -504.692474   -1233.508911 
603  -508.513916   -1237.483887 
604  -514.113892   -1238.660400 
605  -517.908020   -1236.660400 
606  -513.723816   -1235.836914 
607  -513.655640   -1238.660400 
608  -513.584229   -1239.588989 
609  -513.473145   -1232.407227 
610  -510.473145   -1228.615601 
611  -506.473145   -1236.532227 
612  -502.223145   -1237.500977 
613  -503.112030   -1237.591919 
614  -504.062042   -1238.687134 
615  -503.468292   -1239.922485 
616  -500.468292   -1239.975098 
617  -499.527130   -1240.256348 
618  -491.727142   -1238.131348 
619  -495.560486   -1238.040405 
620  -495.492310   -1237.953491 
621  -499.492310   -1242.998901 
622  -499.336060   -1240.123901 
623  -499.222412   -1241.148926 
624  -495.389069   -1242.048950 
625  -499.670319   -1243.048950 
626  -500.520325   -1247.067505 
627  -500.224884   -1250.206421 
628  -493.040680   -1252.412354 
629  -495.813416   -1253.337402 
630  -500.000916   -1258.087402 
631  -507.875916   -1259.028564 
632  -502.018768   -1263.086304 
633  -505.911621   -1263.819580 
634  -501.703278   -1271.486206 
635  -502.560425   -1275.402832 
636  -501.716675   -1276.283813 
637  -501.654175   -1274.502563 
638  -501.522583   -1273.391479 
639  -494.522583   -1273.482422 
640  -493.439240   -1273.482422 
641  -493.724945   -1278.276489 
642  -493.799957   -1278.276489 
643  -488.758301   -1275.383667 
644  -481.936859   -1276.408691 
645  -485.936859   -1280.438110 
646  -482.744537   -1273.174927 
647  -475.786194   -1265.122314 
648  -469.719513   -1272.955688 
649  -469.886169   -1274.088989 
650  -473.823669   -1277.977905 
651  -473.854919   -1285.554810 
652  -473.954926   -1287.679810 
653  -481.526367   -1295.795166 
654  -489.568024   -1304.076416 
655  -485.512482   -1308.845703 
656  -490.285217   -1316.595703 
657  -490.249512   -1317.545654 
658  -482.593262   -1322.379028 
659  -487.400940   -1318.545654 
660  -487.365234   -1318.545654 
661  -490.976349   -1320.776367 
662  -491.976349   -1325.776367 
663  -490.899414   -1322.891724 
664  -495.944855   -1326.672974 
665  -499.132355   -1324.478516 
666  -503.099030   -1324.561890 
667  -506.981384   -1327.456665 
668  -514.673706   -1323.885254 
669  -514.626099   -1322.968628 
670  -517.653870   -1327.135254 
671  -524.846191   -1328.035278 
672  -532.721191   -1329.985229 
673  -540.554504   -1329.801025 
674  -540.528198   -1334.667725 
675  -545.422913   -1335.645020 
676  -543.391663   -1333.811646 
677  -547.291687   -1340.561646 
678  -550.958374   -1340.493408 
679  -547.136963   -1346.758057 
680  -547.065552   -1347.334961 
681  -547.087280   -1354.334961 
682  -555.037292   -1355.053711 
683  -554.037292   -1358.620361 
684  -558.144409   -1363.656128 
685  -559.091797   -1365.687378 
686  -559.800110   -1369.499878 
687  -552.100098   -1368.638794 
688  -555.889587   -1371.763794 
689  -558.939575   -1374.881470 
690  -565.989563   -1379.725220 
691  -566.018982   -1379.796631 
692  -561.779846   -1384.741089 
693  -567.052551   -1387.682251 
694  -567.827576   -1394.593994 
695  -576.015076   -1398.693970 
696  -572.148438   -1401.546875 
697  -575.263794   -1404.546875 
698  -575.442383   -1408.546875 
699  -572.118835   -1411.696899 
700  -572.068848   -1419.333252 
701  -575.226746   -1421.291626 
702  -571.298157   -1424.391602 
703  -579.048157   -1432.058228 
704  -583.229980   -1435.216064 
705  -591.021667   -1433.341064 
706  -583.221680   -1437.216064 
707  -591.171692   -1441.216064 
708  -595.271667   -1446.966064 
709  -591.304993   -1454.766113 
710  -594.332764   -1456.677856 
711  -600.749451   -1460.711182 
712  -604.780701   -1463.804932 
713  -610.549927   -1465.754883 
714  -610.780701   -1469.036133 
715  -606.780701   -1473.947876 
716  -610.633667   -1477.773926 
717  -611.411438   -1481.715088 
718  -611.334534   -1482.715088 
719  -614.251221   -1483.715088 
720  -612.390137   -1489.715088 
721  -610.515137   -1491.601440 
722  -609.562744   -1492.759277 
723  -610.445068   -1489.101440 
724  -614.306152   -1489.051392 
725  -618.229248   -1496.705200 
726  -621.284790   -1497.788574 
727  -626.066040   -1500.658936 
728  -626.841064   -1500.721436 
729  -626.613770   -1505.388062 
730  -634.280457   -1507.064575 
731  -634.316162   -1504.295288 
732  -641.941162   -1508.239746 
733  -641.941162   -1515.850830 
734  -645.556519   -1515.117554 
735  -643.485107   -1515.029297 
736  -643.735107   -1516.140381 
737  -643.682495   -1520.283203 
738  -643.720947   -1519.283203 
739  -647.520935   -1520.244751 
740  -647.520935   -1524.060547 
741  -651.293640   -1528.060547 
742  -655.316345   -1535.852173 
743  -657.003845   -1543.579468 
744  -657.337158   -1548.436646 
745  -657.503845   -1548.311646 
746  -650.580750   -1547.418823 
747  -654.535278   -1545.385498 
748  -662.257507   -1551.021851 
749  -663.288757   -1558.771851 
750  -663.177673   -1554.507202 
751  -659.302673   -1561.646118 
752  -662.385986   -1569.373413 
753  -667.510986   -1572.520508 
754  -675.329163   -1572.338745 
755  -675.213806   -1573.638794 
756  -681.057556   -1573.005493 
757  -683.099243   -1574.938843 
758  -680.965881   -1579.120605 
759  -679.083557   -1580.220581 
760  -678.869263   -1576.276123 
761  -679.758179   -1580.220581 
762  -679.945679   -1583.187256 
763  -681.854797   -1579.264160 
764  -681.884216   -1580.192749 
765  -679.653442   -1583.965454 
766  -679.715942   -1584.234741 
767  -683.627686   -1588.151367 
768  -684.460999   -1590.882080 
769  -685.419312   -1595.757080 
770  -684.502625   -1601.575317 
771  -688.252625   -1602.438965 
772  -692.329529   -1601.300049 
773  -688.365234   -1605.478638 
774  -689.976318   -1605.286377 
775  -689.858643   -1604.436401 
776  -688.858643   -1601.603027 
777  -692.658630   -1608.648438 
778  -688.547546   -1606.481812 
779  -692.589233   -1609.212524 
780  -694.553528   -1613.162476 
781  -694.286865   -1617.095825 
782  -695.224365   -1617.326538 
783  -693.557678   -1619.139038 
784  -701.349365   -1626.996216 
785  -702.426270   -1631.896240 
786  -698.676270   -1639.646240 
787  -699.368591   -1641.333740 
788  -699.326904   -1645.619507 
789  -702.645081   -1649.619507 
790  -702.645081   -1649.569458 
791  -699.645081   -1651.751221 
792  -696.845093   -1650.978516 
793  -697.773682   -1656.121338 
794  -693.690369   -1660.496338 
795  -691.023682   -1662.402588 
796  -689.179932   -1670.116821 
797  -686.072815   -1668.402588 
798  -687.929932   -1670.366821 
799  -687.891479   -1666.533447 
800  -688.091492   -1671.456543 
801  -688.035950   -1671.456543 
802  -696.035950   -1673.635132 
803  -697.835938   -1676.468506 
804  -702.669250   -1676.618530 
805  -700.847839   -1676.754883 
806  -700.812134   -1680.854858 
807  -701.728821   -1680.997681 
808  -709.728821   -1685.164307 
809  -716.728821   -1682.289307 
810  -711.800232   -1690.189331 
811  -719.728821   -1691.296509 
812  -719.882690   -1692.061157 
813  -720.113464   -1692.727783 
814  -726.022583   -1689.639526 
815  -725.022583   -1689.316040 
816  -723.064270   -1690.966064 
817  -728.064270   -1694.184814 
818  -727.864258   -1699.069458 
819  -723.308716   -1699.277832 
820  -715.697632   -1699.232422 
821  -721.547607   -1703.482422 
822  -721.985107   -1703.482422 
823  -722.026794   -1707.482422 
824  -725.955383   -1708.282471 
825  -729.830383   -1706.474731 
826  -729.687500   -1707.513184 
827  -730.395813   -1708.483765 
828  -734.123108   -1708.555176 
829  -734.230225   -1708.680176 
830  -734.171387   -1710.572998 
831  -733.971375   -1716.322998 
832  -733.685669   -1712.072998 
833  -729.757080   -1717.001587 
834  -733.423767   -1718.101563 
835  -734.469238   -1718.882813 
836  -735.344238   -1719.660645 
837  -743.010925   -1719.760620 
838  -738.198425   -1721.860596 
839  -738.341309   -1721.095947 
840  -738.162720   -1718.095947 
841  -738.193970   -1725.310181 
842  -739.327332   -1730.488770 
843  -740.963684   -1730.274536 
844  -743.463684   -1736.424561 
845  -743.502136   -1735.474609 
846  -747.602112   -1736.166870 
847  -751.379883   -1735.948120 
848  -753.302979   -1737.714844 
849  -754.302979   -1737.805786 
850  -750.052979   -1741.972412 
851  -749.129883   -1745.972412 
852  -753.192383   -1750.222412 
853  -753.742371   -1752.267822 
854  -762.117371   -1755.267822 
855  -761.304871   -1751.392822 
856  -767.242371   -1757.357056 
857  -765.242371   -1757.280151 
858  -765.092346   -1765.030151 
859  -765.998596   -1769.887329 
860  -766.306274   -1769.815918 
861  -766.431274   -1769.899292 
862  -774.368774   -1766.685059 
863  -771.518799   -1766.907227 
864  -775.554504   -1773.782227 
865  -777.254517   -1773.940063 
866  -780.296204   -1781.627563 
867  -776.429565   -1785.509888 
868  -777.596252   -1789.398804 
869  -777.596252   -1796.898804 
870  -777.262939   -1796.898804 
871  -776.996277   -1798.498779 
872  -777.268982   -1802.648804 
873  -777.268982   -1810.523804 
874  -776.983276   -1810.305054 
875  -777.060181   -1814.278687 
876  -776.988770   -1815.389771 
877  -784.905457   -1815.389771 
878  -789.814575   -1823.077271 
879  -797.481262   -1828.743896 
880  -805.397949   -1828.743896 
881  -805.534302   -1833.636719 
882  -807.846802   -1837.525635 
883  -808.775391   -1842.692261 
884  -812.825378   -1842.542236 
885  -811.637878   -1846.392212 
886  -807.512878   -1848.600586 
887  -811.637878   -1849.373291 
888  -809.637878   -1850.640015 
889  -813.407104   -1851.094604 
890  -819.490417   -1852.872437 
891  -818.557068   -1853.141724 
892  -819.098755   -1852.355957 
893  -822.876526   -1854.355957 
894  -826.149231   -1859.314331 
895  -822.421936   -1860.137817 
896  -825.588623   -1862.037842 
897  -823.588623   -1858.037842 
898  -819.699707   -1859.071167 
899  -827.499695   -1859.032715 
900  -831.221924   -1861.095215 
901  -832.021912   -1859.150757 
902  -835.910828   -1863.900757 
903  -839.660828   -1869.614990 
904  -847.560852   -1869.964966 
905  -844.742676   -1875.964966 
906  -848.742676   -1878.937134 
907  -856.456970   -1880.937134 
908  -861.456970   -1888.937134 
909  -861.656982   -1885.079956 
910  -861.323669   -1888.829956 
911  -865.198669   -1895.901367 
912  -861.198669   -1903.751343 
913  -861.798645   -1906.084717 
914  -858.548645   -1906.334717 
915  -866.321350   -1913.925659 
916  -868.710266   -1918.759033 
917  -876.671814   -1924.845947 
918  -877.227356   -1932.051880 
919  -873.202332   -1939.744141 
920  -880.166626   -1940.880493 
921  -888.166626   -1946.991577 
922  -890.059509   -1954.724854 
923  -897.809509   -1962.349854 
924  -894.609497   -1962.372559 
925  -895.415039   -1970.086792 
926  -900.290039   -1969.856079 
927  -897.136169   -1962.189453 
928  -897.286194   -1961.356079 
929  -905.119507   -1960.189453 
930  -912.841736   -1968.218872 
931  -920.246521   -1976.357788 
932  -918.079834   -1983.417847 
933  -910.062622   -1991.486816 
934  -902.139526   -1983.701050 
935  -909.889526   -1991.701050 
936  -913.927979   -1988.642212 
937  -906.142273   -1984.475586 
938  -909.208923   -1985.449219 
939  -912.808899   -1981.649170 
940  -912.729980   -1981.830933 
941  -916.551392   -1985.677124 
942  -919.770142   -1986.724731 
943  -919.470154   -1987.524780 
944  -914.561035   -1992.385864 
945  -914.714905   -1995.094238 
946  -914.714905   -1990.885864 
947  -918.896729   -1990.885864 
948  -922.996704   -1992.847412 
949  -919.246704   -1990.214111 
950  -919.371704   -1994.406372 
951  -911.371704   -1994.572998 
952  -915.606995   -1994.668213 
953  -920.148682   -1994.514404 
954  -916.184387   -1998.378052 
955  -916.934387   -1998.534302 
956  -917.017700   -1998.596802 
957  -921.205200   -2002.659302 
958  -918.121887   -1999.725952 
959  -920.083435   -2003.325928 
960  -920.055664   -2008.092651 
961  -918.967407   -2008.859375 
962  -923.911865   -2009.826050 
963  -919.786865   -2017.735107 
964  -917.630615   -2019.547607 
965  -916.702026   -2019.679199 
966  -920.535339   -2022.486938 
967  -924.535339   -2027.379761 
968  -925.564758   -2029.172852 
969  -921.428406   -2029.218262 
970  -919.678406   -2031.655762 
971  -927.761719   -2034.822388 
972  -927.706177   -2034.589111 
973  -923.706177   -2036.824463 
974  -927.956177   -2044.824463 
975  -923.994629   -2048.949463 
976  -923.788757   -2052.949463 
977  -920.663757   -2049.949463 
978  -919.625305   -2049.978760 
979  -923.518188   -2054.085938 
980  -923.429932   -2054.219238 
981  -926.394226   -2058.413574 
982  -926.572815   -2061.357910 
983  -926.397827   -2064.072266 
984  -934.022827   -2065.038818 
985  -941.951416   -2067.288818 
986  -938.826416   -2074.967285 
987  -946.612122   -2079.110107 
988  -942.804443   -2074.257080 
989  -946.804443   -2074.350830 
990  -950.765991   -2075.425781 
991  -956.666016   -2075.249268 
992  -963.627563   -2075.226563 
993  -963.413269   -2075.337646 
994  -959.478516   -2077.206055 
995  -959.592163   -2080.249512 
996  -959.533325   -2076.392334 
997  -959.595825   -2077.447998 
998  -958.448792   -2085.140381 
999  -957.377380   -2091.081543 
1000  -961.377380   -2095.045898 
1001  -969.027405   -2095.045898 
1002  -974.058655   -2098.988281 
1003  -972.237244   -2098.811768 
1004  -968.181702   -2101.728516 
1005  -962.048340   -2109.410400 
1006  -962.107178   -2109.515625 
1007  -969.857178   -2109.348877 
1008  -968.904785   -2109.305420 
1009  -973.981689   -2110.334717 
1010  -974.158142   -2113.362549 
1011  -974.301025   -2116.388916 
1012  -970.167664   -2116.555664 
1013  -970.758545   -2119.730713 
1014  -975.558533   -2119.789551 
1015  -976.308533   -2120.026367 
1016  -982.158508   -2120.963867 
1017  -983.966187   -2125.026367 
1018  -984.054443   -2127.213867 
1019  -988.321106   -2129.319092 
1020  -982.463989   -2129.458008 
1021  -988.755676   -2129.554199 
1022  -985.646973   -2127.463379 
1023  -985.886108   -2132.369629 
1024  -993.761108   -2130.236328 
1025  -990.908142   -2134.330078 
1026  -989.974792   -2142.280029 
1027  -994.824768   -2143.309326 
1028  -1002.637268   -2144.237793 
1029  -1006.542053   -2139.571045 
1030  -1005.708740   -2143.571045 
1031  -1013.667053   -2151.499512 
1032  -1013.367065   -2151.424561 
1033  -1014.278809   -2155.674561 
1034  -1019.369690   -2157.487061 
1035  -1020.012573   -2158.353760 
1036  -1023.967102   -2158.548096 
1037  -1021.067078   -2162.548096 
1038  -1021.096497   -2166.577393 
1039  -1027.124268   -2165.608643 
1040  -1025.302856   -2167.767822 
1041  -1025.072144   -2171.367920 
1042  -1025.238770   -2172.312256 
1043  -1027.277222   -2176.419434 
1044  -1032.235596   -2182.106934 
1045  -1032.110596   -2183.106934 
1046  -1032.087891   -2183.283447 
1047  -1039.815186   -2183.970947 
1048  -1039.926270   -2187.970947 
1049  -1043.959595   -2187.882813 
1050  -1040.026245   -2187.716064 
1051  -1044.276245   -2188.555420 
1052  -1043.276245   -2188.688721 
1053  -1048.588745   -2186.583496 
1054  -1044.618164   -2192.399170 
1055  -1040.390869   -2191.420898 
1056  -1047.224243   -2194.394531 
1057  -1051.303223   -2194.489746 
1058  -1051.269897   -2196.465820 
1059  -1055.369873   -2204.042725 
1060  -1062.477051   -2204.792725 
1061  -1062.213867   -2205.028076 
1062  -1058.392456   -2201.956543 
1063  -1053.442505   -2207.044678 
1064  -1057.442505   -2214.933594 
1065  -1049.530762   -2223.047119 
1066  -1041.667114   -2231.178711 
1067  -1044.583740   -2235.978760 
1068  -1044.639282   -2235.887939 
1069  -1052.389282   -2239.575439 
1070  -1050.389282   -2238.825439 
1071  -1057.055908   -2242.968262 
1072  -1064.805908   -2248.801514 
1073  -1072.930908   -2251.745850 
1074  -1073.080933   -2253.745850 
1075  -1072.914307   -2256.395752 
1076  -1080.664307   -2258.979004 
1077  -1079.351807   -2259.128906 
1078  -1087.351807   -2264.528809 
1079  -1083.476807   -2266.278809 
1080  -1084.351807   -2266.355713 
1081  -1076.251831   -2270.938965 
1082  -1070.168457   -2271.251465 
1083  -1074.293457   -2272.313965 
1084  -1070.293457   -2280.313965 
1085  -1069.418457   -2282.385498 
1086  -1070.418457   -2282.218750 
1087  -1078.118408   -2279.290283 
1088  -1086.285034   -2284.540283 
1089  -1094.085083   -2285.151367 
1090  -1094.418457   -2285.207031 
1091  -1101.918457   -2285.894531 
1092  -1101.918457   -2284.180176 
1093  -1104.668457   -2285.965820 
1094  -1104.585083   -2286.903320 
1095  -1112.685059   -2287.046143 
1096  -1114.685059   -2290.046143 
1097  -1122.185059   -2290.921143 
1098  -1116.185059   -2295.171143 
1099  -1121.185059   -2302.671143 
1100  -1121.185059   -2302.671143 
1101  -1121.185059   -2302.671143 
1102  -1121.185059   -2302.671143 
1103  -1121.185059   -2302.671143 
1104  -1121.185059   -2302.671143 
1105  -1121.185059   -2302.671143 
1106  -1121.185059   -2302.671143 
1107  -1121.185059   -2302.671143 
1108  -1121.185059   -2302.671143 
1109  -1121.185059   -2302.671143 
1110  -1121.185059   -2302.671143 
1111  -1121.185059   -2302.671143 
1112  -1121.185059   -2302.671143 
1113  -1121.185059   -2302.671143 
1114  -1121.185059   -2302.671143 
1115  -1121.185059   -2302.671143 
1116  -1121.185059   -2302.671143 
1117  -1121.185059   -2302.671143 
1118  -1121.185059   -2302.671143 
1119  -1121.185059   -2302.671143 
1120  -1121.185059   -2302.671143 
1121  -1121.185059   -2302.671143 
1122  -1121.185059   -2302.671143 
1123  -1121.185059   -2302.671143 
1124  -1121.185059   -2302.671143 
1125  -1121.185059   -2302.671143 
1126  -1121.185059   -2302.671143 
1127  -1121.185059   -2302.671143 
1128  -1121.185059   -2302.671143 
1129  -1121.185059   -